/*--------------------------------*- C++ -*----------------------------------*\
  =========                 |
  \\      /  F ield         | OpenFOAM: The Open Source CFD Toolbox
   \\    /   O peration     | Website:  https://openfoam.org
    \\  /    A nd           | Version:  10
     \\/     M anipulation  |
\*---------------------------------------------------------------------------*/
FoamFile
{
    format      binary;
    class       faceSet;
    location    "constant/polyMesh/sets";
    object      wrongFaces;
}
// * * * * * * * * * * * * * * * * * * * * * * * * * * * * * * * * * * * * * //


9888
(
65536 
98305 
98306 
98307 
114696 
98312 
65545 
98313 
114698 
98314 
114699 
98316 
98317 
65550 
98318 
65551 
65552 
17 
20 
21 
22 
49177 
49178 
49179 
65564 
65565 
65566 
65567 
98336 
98337 
98338 
98341 
98342 
32807 
98343 
98346 
98347 
98348 
213037 
32813 
213038 
32814 
213039 
32815 
213040 
81970 
213045 
81979 
81980 
81981 
98365 
344126 
98366 
344127 
98367 
344128 
81985 
81986 
213060 
81988 
213061 
213062 
213063 
65608 
344137 
344138 
344139 
98380 
98381 
98382 
344147 
344148 
344149 
344154 
344155 
344156 
49244 
49245 
49246 
344160 
344161 
344162 
49250 
103 
344168 
344169 
49257 
344170 
106 
49258 
107 
49259 
108 
65646 
115 
116 
117 
118 
622713 
622714 
82050 
82052 
49301 
49302 
49303 
49304 
65692 
114848 
114849 
114850 
98466 
114851 
65699 
98467 
65700 
65701 
98470 
98471 
229544 
229550 
229553 
229554 
229555 
229556 
98484 
229557 
98485 
49334 
98486 
49335 
98487 
49336 
229564 
229567 
229568 
229569 
229570 
98499 
49348 
98500 
49349 
98501 
49350 
98502 
49353 
49354 
49355 
98507 
98508 
98509 
98510 
229584 
49360 
229591 
229594 
218 
229595 
229596 
32988 
229597 
221 
222 
229599 
223 
229602 
229603 
229604 
229605 
229 
49381 
229607 
32999 
33000 
33001 
49402 
49403 
49404 
49416 
49417 
49418 
49419 
49420 
49421 
49424 
442658 
442659 
442660 
49450 
442667 
442668 
442669 
442672 
442673 
49457 
442674 
49458 
49459 
49460 
442677 
49461 
442678 
49462 
442679 
49463 
49470 
49471 
49472 
49473 
49485 
334 
49486 
49487 
49488 
341 
342 
343 
49503 
49504 
49505 
49506 
442727 
442728 
33128 
442729 
442732 
442733 
442734 
442737 
442738 
442739 
196980 
49524 
196981 
49525 
196982 
49526 
49527 
442744 
442745 
442746 
49544 
49545 
49546 
49547 
213392 
213393 
213394 
213395 
49557 
49558 
49559 
65943 
49560 
65944 
213401 
65945 
65946 
16798 
115104 
49570 
49571 
49572 
49573 
16807 
65959 
16808 
65960 
213417 
16809 
65961 
213418 
213419 
98731 
213420 
65964 
98732 
33197 
98733 
33198 
33199 
98740 
98741 
98742 
16824 
16825 
16826 
16827 
49596 
49597 
49598 
98750 
49599 
98751 
98752 
98764 
33229 
98765 
98766 
49620 
98772 
16853 
49621 
98773 
16854 
49622 
98774 
16855 
49623 
49633 
49634 
49635 
98787 
49636 
98788 
98789 
16870 
16871 
16872 
16873 
66025 
49645 
49646 
66030 
49647 
66037 
66041 
49658 
33275 
49659 
49660 
33277 
33278 
131587 
49668 
66052 
49669 
49670 
49671 
66064 
66065 
66066 
66067 
33302 
33303 
33304 
131622 
131623 
131624 
197163 
131634 
66101 
66109 
49738 
49739 
49740 
49741 
33358 
33359 
33360 
33361 
131666 
131667 
131668 
66136 
33372 
16991 
16992 
49760 
16993 
49761 
16994 
49762 
33397 
33398 
49782 
33399 
49783 
33400 
49784 
49785 
115335 
115336 
115337 
49803 
49804 
49805 
49806 
49821 
131742 
49822 
49823 
49824 
33447 
49833 
49834 
33451 
49835 
49836 
98989 
98990 
98991 
49845 
49846 
98998 
49847 
98999 
115384 
99000 
33474 
49858 
33475 
49859 
33476 
49860 
33477 
49868 
49869 
49870 
49871 
82640 
82641 
82642 
82643 
33504 
66285 
17134 
17135 
17136 
17137 
66291 
66292 
66293 
66294 
17144 
17145 
17146 
66298 
17147 
66299 
66300 
115473 
49941 
49942 
49943 
66327 
49944 
66332 
49955 
49956 
49957 
49958 
99112 
131881 
99113 
131882 
131883 
99117 
49972 
49973 
49974 
49975 
829 
832 
49984 
833 
49985 
834 
17218 
49986 
115523 
49987 
115524 
115525 
82760 
82764 
82765 
82766 
49999 
131920 
131921 
131922 
131925 
17239 
17240 
17241 
17242 
50018 
33637 
33638 
33639 
33640 
33644 
99191 
17272 
17273 
17274 
17278 
17279 
17280 
17281 
33667 
33680 
33681 
17298 
17299 
17300 
17301 
919 
922 
923 
924 
17309 
99234 
33699 
33700 
933 
33701 
934 
33702 
935 
936 
345005 
33725 
17343 
17346 
17347 
17348 
17349 
17362 
17363 
17366 
17367 
115682 
115686 
115687 
33768 
115688 
115701 
115702 
115703 
115710 
115711 
132096 
115712 
132097 
132098 
132099 
115715 
115716 
115717 
164871 
115719 
1031 
115720 
115721 
1034 
1035 
1036 
1044 
17429 
17432 
17433 
17434 
132123 
17435 
99355 
132124 
99356 
132125 
132126 
181285 
181286 
181287 
181291 
99371 
181292 
99372 
181293 
33842 
164918 
164920 
181305 
181306 
99386 
181307 
99390 
99391 
33858 
33869 
33870 
181327 
33871 
181328 
33872 
181329 
181332 
181333 
181334 
181338 
181339 
132187 
181340 
132188 
132189 
132190 
99441 
99442 
99443 
115830 
115831 
115832 
1144 
115833 
1151 
1152 
1153 
181400 
99480 
99481 
99482 
181407 
181408 
181409 
99489 
99490 
99491 
83124 
66753 
33988 
33989 
33990 
33991 
66759 
83143 
296136 
66760 
296137 
66761 
296138 
296139 
296143 
296144 
34000 
83152 
296145 
34001 
296146 
34002 
34003 
296154 
296155 
296156 
296157 
34013 
83166 
83167 
181472 
83168 
83169 
181475 
181476 
181477 
34022 
83177 
181483 
181484 
181485 
296174 
296175 
181487 
83183 
296176 
66800 
296177 
34033 
66801 
66802 
66803 
148724 
296180 
296181 
296182 
181494 
34038 
296183 
181495 
34043 
296189 
296190 
296191 
181503 
296192 
34049 
181510 
34063 
34068 
34074 
34083 
132390 
34089 
34090 
34091 
99631 
34097 
83249 
34098 
34099 
34100 
34111 
34117 
34118 
34119 
132424 
34120 
34127 
34132 
83294 
83295 
83296 
34145 
296292 
296293 
296294 
34150 
296295 
296299 
296300 
296301 
296302 
181614 
181617 
83314 
83315 
116084 
83316 
17781 
83317 
17782 
17783 
17784 
116089 
116090 
296315 
116091 
296316 
116092 
34172 
296317 
34173 
296318 
34174 
34175 
99711 
99712 
99713 
99714 
296329 
296330 
296331 
296332 
34188 
34189 
34190 
296335 
34191 
296336 
34192 
296337 
99729 
296338 
99730 
34195 
99731 
34196 
99732 
34197 
34198 
296348 
181660 
116124 
296349 
181661 
116125 
296350 
181662 
116126 
296351 
181663 
34209 
17827 
17828 
17829 
34218 
17835 
17836 
17837 
34228 
17844 
83380 
17845 
83381 
17846 
83382 
17854 
17855 
17856 
17857 
67016 
17870 
17871 
17872 
17873 
116181 
116182 
116183 
67032 
67033 
67034 
67035 
607710 
116190 
116191 
17887 
116192 
17888 
17889 
165349 
83430 
165354 
116203 
116204 
116205 
83439 
165360 
83440 
83441 
17915 
17916 
17917 
116222 
116223 
116224 
116226 
116227 
116228 
116230 
181767 
116231 
116232 
181769 
165385 
83466 
99850 
83467 
99851 
83468 
99852 
165389 
83469 
198158 
198159 
198160 
165396 
83477 
165398 
99864 
83481 
99865 
17946 
83482 
99866 
1563 
17947 
83483 
17948 
83484 
1566 
34334 
165407 
1567 
1568 
116257 
116260 
17956 
116261 
17957 
34341 
116262 
17958 
34342 
34343 
132652 
17964 
17965 
17966 
99886 
17967 
99887 
99888 
99891 
99892 
83509 
99893 
83510 
83511 
17976 
83512 
17977 
17978 
17979 
50751 
50752 
50753 
50754 
99912 
99913 
34378 
99914 
99920 
99921 
99922 
83542 
83543 
83544 
83545 
18016 
83553 
83554 
18019 
83555 
18020 
83556 
99940 
18021 
99941 
18022 
99942 
132713 
99945 
99946 
99947 
83566 
99950 
83567 
99951 
83568 
99952 
83569 
34418 
83572 
116341 
1653 
132726 
83574 
1656 
1657 
116346 
1658 
116347 
116348 
116349 
34429 
34430 
34431 
34432 
99969 
99970 
116355 
1667 
99971 
1668 
1669 
345734 
1670 
345735 
345736 
345741 
345742 
345743 
99984 
99985 
345746 
99986 
345747 
345748 
18070 
345751 
345752 
345753 
34458 
34459 
18076 
34460 
116381 
34461 
116382 
116383 
18079 
18080 
18081 
18082 
34466 
34467 
34468 
34469 
18097 
34481 
18098 
34482 
18099 
34483 
83643 
83644 
83645 
34495 
34496 
34497 
34498 
83656 
345804 
345805 
34509 
345806 
132814 
83664 
345809 
34513 
83665 
345810 
83666 
345811 
34515 
83667 
34516 
345814 
34518 
345815 
345816 
34520 
34521 
34522 
34523 
345821 
345822 
345823 
83682 
34531 
34532 
1765 
34533 
198376 
1768 
83688 
1769 
1770 
83693 
182000 
132849 
132850 
1778 
132851 
83699 
34548 
34549 
34550 
34551 
83704 
165626 
165627 
18171 
165628 
116476 
18172 
34556 
116477 
18173 
116478 
18174 
83710 
607999 
34563 
18181 
132870 
18182 
116487 
18183 
116488 
18184 
165641 
34569 
116492 
116493 
116494 
165648 
165649 
34577 
165650 
34578 
34579 
34580 
165655 
34584 
116505 
34586 
34587 
50971 
50972 
50973 
165662 
50974 
165663 
165664 
132899 
132900 
83748 
132901 
83749 
149286 
83750 
83751 
34611 
100149 
100150 
100151 
18232 
100152 
34617 
18240 
18241 
18242 
18248 
18249 
100174 
100175 
67408 
100176 
34642 
1875 
34643 
34644 
100180 
34645 
100181 
100182 
67415 
67416 
67417 
1882 
34650 
1883 
1884 
100188 
100189 
100190 
100191 
34656 
34657 
34658 
100194 
100195 
18276 
100196 
34661 
34662 
34663 
34664 
51050 
34676 
100214 
100215 
100216 
100217 
165767 
165768 
165769 
18313 
18318 
100242 
100243 
34711 
34712 
34713 
34714 
100250 
18332 
18337 
165797 
165798 
165799 
18344 
18345 
18346 
18347 
100273 
67508 
67509 
67510 
67511 
18383 
18384 
18385 
18386 
83925 
67554 
83949 
83950 
83951 
83954 
133108 
133109 
133110 
83969 
67593 
67594 
67595 
83980 
83981 
83982 
83983 
133161 
133162 
133163 
18478 
18479 
18480 
18481 
133174 
133175 
133176 
133177 
133189 
133190 
133191 
67663 
67664 
67665 
67666 
34908 
34909 
34910 
34911 
67685 
84070 
67688 
67689 
67690 
67691 
67694 
67695 
67696 
34931 
34932 
34933 
67709 
67710 
133250 
84101 
84102 
84103 
84104 
166034 
51350 
67734 
34967 
51351 
34968 
51352 
34969 
51353 
100508 
67741 
100509 
34974 
67742 
100510 
34975 
67743 
34976 
34977 
133286 
133287 
34984 
133289 
34985 
100521 
34986 
100522 
100523 
51374 
51375 
51376 
18610 
84149 
35002 
35003 
133308 
35004 
133309 
133310 
133311 
35009 
35010 
35011 
35012 
67785 
100559 
84183 
35032 
84184 
84185 
35037 
35038 
35039 
18656 
18657 
18658 
67815 
67816 
67817 
100585 
67818 
18668 
18669 
18670 
18671 
2294 
2297 
2298 
2299 
18691 
67843 
18699 
67851 
18700 
67852 
18701 
67853 
133407 
133408 
67872 
133409 
35105 
133410 
35106 
35107 
35108 
35115 
35116 
35117 
35124 
67892 
166197 
35125 
67893 
166198 
35126 
67894 
166199 
18743 
67895 
35131 
18748 
35132 
35133 
35134 
133444 
18756 
133445 
18757 
133446 
18758 
18759 
133450 
133451 
133452 
35148 
133453 
35149 
35150 
35151 
2384 
2387 
2388 
2389 
133468 
2398 
2399 
166240 
2400 
2401 
67941 
67942 
67943 
67944 
67949 
18802 
18803 
18804 
18805 
35189 
35190 
67958 
35191 
35192 
18818 
67977 
67978 
67979 
133516 
133517 
133518 
133526 
35227 
35228 
35229 
35230 
35238 
35239 
35240 
35241 
18877 
18878 
2496 
2499 
18883 
2500 
18884 
35268 
2501 
18892 
2509 
18895 
18896 
18897 
18898 
166362 
166363 
166364 
18910 
18911 
68064 
68065 
18914 
68066 
18915 
68067 
18917 
166392 
68089 
166393 
166394 
68090 
68091 
68092 
68093 
18944 
35328 
18945 
18946 
18947 
18948 
346630 
346631 
18951 
346632 
18952 
18953 
18954 
18955 
346638 
346639 
346640 
100885 
346646 
100886 
346647 
133655 
100887 
346648 
133656 
133657 
346651 
346652 
346653 
18974 
100894 
18975 
100895 
18976 
100896 
68129 
100897 
68130 
18982 
18983 
18984 
2606 
18991 
18992 
18993 
133682 
35378 
133683 
35379 
100915 
133684 
35380 
100916 
2613 
35381 
100917 
2614 
100918 
2615 
19001 
19002 
19003 
19004 
150078 
100936 
19017 
100937 
19018 
100938 
19019 
19020 
19035 
19036 
100956 
19037 
100957 
100958 
133738 
100972 
19063 
19064 
19065 
68230 
68231 
68232 
101000 
101001 
101002 
35473 
35474 
35475 
35476 
19094 
19095 
19096 
19104 
19105 
19106 
35490 
133797 
133798 
19112 
19113 
19114 
19115 
101038 
68274 
68275 
19124 
19125 
19126 
19127 
35511 
19133 
19134 
19135 
35519 
35520 
35521 
68294 
101062 
101063 
101064 
68298 
68303 
68304 
68305 
101078 
101079 
101080 
166620 
101088 
101089 
84705 
101090 
35562 
84714 
35563 
84715 
101100 
35564 
84716 
101101 
35565 
101102 
84721 
84722 
19187 
19188 
84724 
101109 
19189 
101110 
19190 
101111 
101118 
101119 
35583 
101120 
101123 
101124 
101125 
133897 
133909 
101148 
101149 
101150 
19237 
101162 
19242 
101163 
19243 
101164 
133937 
35635 
84788 
133941 
101173 
133942 
101174 
84790 
133943 
101175 
101179 
101180 
35644 
101181 
35645 
35646 
101183 
35647 
101184 
35648 
101185 
35649 
35650 
19269 
19272 
166729 
19273 
101194 
19274 
101195 
19275 
101196 
19281 
101207 
101208 
101209 
133982 
133983 
133984 
101218 
101219 
101220 
133996 
133997 
101229 
133998 
101230 
183151 
101231 
183152 
101232 
183153 
101233 
101234 
101236 
101237 
101238 
183159 
183160 
183161 
134014 
101249 
101250 
101251 
101253 
101254 
101255 
183178 
183179 
183180 
134042 
134043 
134044 
134045 
101278 
101279 
101280 
134056 
134057 
134058 
101294 
101295 
101296 
101312 
101313 
101314 
134086 
134087 
134088 
101323 
101324 
101325 
101333 
134102 
101334 
134103 
117719 
101335 
134104 
117720 
134105 
117721 
117722 
117724 
117725 
117726 
101342 
117727 
101343 
101344 
134114 
134115 
101347 
134116 
101348 
134117 
101349 
101351 
101352 
101353 
134122 
134123 
117740 
134125 
101363 
101364 
101365 
183292 
134140 
134141 
68605 
101375 
101376 
101377 
101383 
101384 
101385 
117779 
117780 
117781 
101397 
101398 
101399 
101401 
101402 
117787 
101403 
150556 
117788 
117789 
101411 
101412 
101413 
101423 
101424 
101425 
183351 
166967 
183352 
166968 
183353 
166969 
166975 
166976 
166977 
199747 
101447 
101448 
101449 
101451 
101452 
101453 
19537 
101458 
101459 
101460 
412759 
412760 
412761 
412762 
101467 
101468 
412765 
101469 
19549 
412766 
101470 
412767 
101471 
412768 
101472 
101473 
101474 
101475 
19555 
35941 
19559 
19564 
183405 
19565 
183406 
3182 
19566 
183407 
412784 
412785 
3185 
412786 
3186 
412787 
3187 
183416 
183417 
183418 
19581 
19582 
167039 
19583 
167040 
19584 
167041 
19587 
19591 
19598 
19599 
19600 
183443 
183444 
183445 
167062 
183447 
19607 
183448 
19608 
183449 
19609 
19610 
167069 
167070 
167071 
134304 
101537 
19617 
134310 
101542 
19622 
134311 
101543 
101544 
412841 
412842 
412843 
412844 
412859 
412860 
117948 
412861 
412862 
36030 
36031 
412864 
36032 
412865 
36033 
412866 
36034 
412867 
19651 
36035 
36036 
117959 
117963 
117964 
117965 
117966 
117967 
117968 
117969 
36050 
68821 
68822 
68823 
134360 
68824 
134361 
134362 
134363 
134378 
134379 
134380 
134381 
36077 
68846 
117999 
68847 
101616 
68848 
101617 
68849 
101618 
101619 
101620 
134392 
101624 
134402 
118018 
118019 
412932 
118020 
412933 
118021 
412934 
412935 
412948 
412949 
412950 
412951 
68888 
101658 
101659 
3355 
101660 
3358 
412959 
3359 
412960 
3360 
412961 
412962 
118051 
101667 
101668 
101669 
118055 
118056 
3368 
118057 
118058 
118059 
118060 
118061 
85295 
85296 
85297 
85298 
68927 
412992 
412993 
68929 
412994 
412995 
413005 
413006 
413007 
118095 
413008 
413014 
413015 
413016 
413017 
68962 
68974 
118135 
68990 
69001 
118154 
150934 
36265 
36266 
36267 
36268 
183726 
183727 
183728 
101810 
101811 
101812 
118197 
183734 
183735 
183736 
150969 
36285 
183748 
183749 
183750 
101836 
69075 
36309 
36310 
36311 
69081 
69082 
69083 
85484 
85485 
85486 
85487 
69104 
69110 
69111 
69112 
36347 
36348 
36349 
36350 
19969 
118280 
19976 
19977 
19978 
36367 
36368 
36369 
19986 
36370 
118293 
69151 
69152 
69153 
69154 
52771 
52772 
52773 
52776 
52777 
52778 
52779 
20017 
20018 
101939 
20019 
20020 
118330 
52794 
118331 
52795 
118332 
52796 
52797 
20033 
20034 
20035 
52803 
20036 
118341 
118342 
118343 
118344 
118345 
118346 
52813 
52814 
118351 
52815 
20049 
20051 
20052 
20053 
52834 
36491 
36492 
36493 
36503 
167576 
36504 
167577 
36505 
167578 
36506 
167579 
102064 
102066 
102067 
102068 
52918 
118465 
118466 
118467 
118468 
36549 
36550 
36551 
52937 
36554 
36555 
36556 
36572 
52956 
36573 
52957 
36574 
52958 
52959 
102113 
102115 
102123 
52975 
102130 
52978 
102133 
102136 
53001 
85784 
53017 
85785 
53018 
85786 
53019 
85787 
53020 
102183 
53054 
167743 
53055 
167744 
53056 
167745 
53062 
53069 
53070 
53071 
36691 
53077 
53078 
53079 
167768 
167769 
167770 
53089 
53092 
53093 
53094 
167790 
167791 
53103 
167792 
53104 
53105 
102258 
53106 
102259 
102260 
102261 
102262 
53117 
53118 
102271 
53119 
53120 
20353 
20354 
20355 
20356 
36741 
53130 
53131 
53132 
20365 
53133 
53136 
53137 
53138 
20371 
53139 
102305 
102306 
102307 
20391 
20392 
20393 
102314 
20394 
102315 
102316 
102317 
20397 
20401 
53170 
167859 
167860 
53172 
53173 
102328 
102329 
20409 
102330 
20410 
20411 
20415 
85951 
20416 
85952 
20417 
85953 
20418 
85954 
102339 
36814 
20431 
36815 
20432 
36816 
20433 
36817 
20434 
20435 
20442 
85981 
20452 
20453 
20454 
20456 
36850 
36851 
36852 
36853 
20479 
20480 
20481 
184323 
53257 
86057 
86058 
86059 
36908 
86060 
102452 
102453 
102454 
167996 
167997 
167998 
168016 
53342 
53343 
53344 
69728 
53345 
69735 
69736 
69737 
53356 
53357 
53358 
53359 
53365 
53366 
53367 
53368 
53373 
53375 
53376 
53377 
53378 
53381 
86149 
53382 
86150 
53383 
86151 
53384 
86157 
86163 
86171 
102560 
102561 
102562 
102572 
102573 
102574 
86201 
86205 
86206 
69825 
69826 
69827 
53444 
69828 
53445 
53446 
53447 
86216 
86217 
86218 
86232 
86233 
37082 
86234 
37083 
86235 
168156 
37084 
168157 
37085 
168158 
86245 
37095 
37096 
37097 
53481 
86249 
37098 
53482 
53483 
53484 
69872 
86261 
20729 
20730 
20731 
86267 
20732 
86268 
86269 
168193 
168195 
20739 
53507 
20740 
53508 
20741 
37125 
53509 
20742 
37126 
37127 
86280 
86286 
86287 
86294 
69911 
86295 
69912 
86296 
37145 
69913 
37146 
37147 
37148 
20765 
20771 
20777 
20778 
20779 
20781 
86328 
37177 
86329 
37178 
86330 
37179 
86331 
37180 
53564 
53565 
20798 
53566 
53567 
53572 
53574 
53575 
53576 
53577 
20811 
53580 
86348 
53581 
53582 
53583 
69967 
86352 
20817 
53585 
53586 
53587 
53588 
86361 
20828 
86366 
69984 
20833 
69985 
69986 
69987 
37221 
37222 
53606 
20839 
37223 
53607 
69991 
53608 
53609 
37226 
37227 
37228 
20849 
102770 
53618 
102771 
53619 
102772 
53620 
102773 
53621 
20854 
37244 
37245 
37246 
20864 
86400 
53633 
20868 
20872 
53640 
53641 
184714 
53642 
20879 
20880 
20881 
20883 
20888 
53657 
53658 
53659 
53660 
20899 
70053 
70054 
70055 
20904 
70056 
86444 
20908 
53678 
20914 
53682 
53686 
20919 
53689 
53691 
168381 
168388 
168389 
70085 
168390 
70086 
70087 
70088 
53705 
53707 
53713 
53715 
168410 
86510 
70128 
70129 
70130 
70131 
86520 
20985 
20986 
20987 
20988 
86526 
86527 
86528 
37385 
37386 
37387 
70161 
70163 
86551 
86552 
86553 
86554 
70180 
86567 
86568 
86569 
86570 
70201 
21050 
70203 
70204 
70205 
86601 
70220 
70221 
70222 
21073 
86612 
21082 
21083 
21084 
37472 
86624 
86625 
86626 
283239 
283240 
283241 
86638 
283250 
283251 
86643 
283252 
86648 
86652 
86661 
168589 
86669 
168590 
168591 
168597 
168598 
168599 
70308 
70309 
70310 
70311 
21163 
21170 
21171 
21172 
21179 
283324 
283325 
283326 
53955 
119492 
53956 
119493 
53957 
283334 
119494 
283335 
283336 
21199 
283344 
283345 
283346 
53973 
283350 
53974 
283351 
53975 
283352 
70363 
53980 
103133 
53981 
103134 
53982 
103135 
103136 
53984 
283361 
53985 
283362 
53986 
70370 
283363 
70371 
70372 
611045 
283365 
283366 
283367 
21226 
119536 
103163 
21247 
21260 
21261 
21262 
103183 
21263 
103184 
103185 
103186 
365353 
365356 
365357 
365358 
365359 
119602 
119603 
119604 
365365 
119607 
119608 
119609 
365375 
119615 
119616 
54080 
119617 
54081 
365378 
54082 
365379 
54083 
365380 
365381 
103237 
103238 
103239 
365384 
21322 
21323 
21324 
365397 
103254 
103255 
365400 
103256 
21336 
365401 
365402 
365403 
365408 
21344 
21345 
21346 
365411 
365412 
119652 
365413 
119653 
365414 
365416 
119657 
37739 
119661 
103277 
365422 
103279 
37743 
103280 
37744 
103281 
37745 
103282 
37746 
37747 
37748 
37749 
594808 
54136 
594809 
54137 
54138 
54139 
37762 
37770 
37771 
37772 
37773 
37774 
37775 
37776 
54161 
54162 
54163 
54164 
54182 
54183 
54184 
54185 
136109 
136110 
136111 
37812 
54196 
37813 
54197 
37814 
54198 
37815 
54199 
54205 
54206 
54207 
54208 
54210 
54211 
54212 
54213 
70601 
70606 
70607 
70608 
86993 
86994 
136147 
86995 
86996 
87001 
37851 
70619 
87003 
37852 
70620 
37853 
70621 
70622 
87008 
21490 
87026 
37879 
87031 
37880 
37881 
37882 
54270 
54271 
70655 
611328 
54272 
70656 
54273 
70657 
54275 
87043 
21514 
21523 
21524 
87074 
87075 
87076 
54311 
54312 
54313 
54314 
283698 
283699 
283700 
70712 
283709 
283710 
119870 
54334 
283711 
70719 
87103 
70720 
87104 
70721 
87105 
70722 
87106 
70725 
87109 
119880 
54344 
283721 
119881 
54345 
283722 
119882 
54346 
70730 
283723 
54347 
70731 
70732 
70733 
283727 
119887 
283728 
119888 
283729 
119889 
87122 
119891 
87123 
119892 
87124 
119893 
87125 
70744 
283739 
283740 
70748 
283741 
87133 
87134 
283743 
87135 
283744 
87136 
283745 
37986 
37987 
37988 
70759 
70760 
70761 
70762 
37998 
37999 
38000 
38001 
38002 
70770 
70777 
119930 
70778 
119931 
70779 
119932 
103548 
70780 
119933 
103549 
103550 
103551 
70790 
70791 
70792 
70793 
54413 
54414 
54415 
38033 
87186 
87187 
87188 
87189 
70807 
70808 
70809 
70810 
5276 
38047 
87209 
21676 
21677 
21678 
54446 
21679 
54447 
54448 
54449 
70838 
70839 
70840 
70841 
87228 
185533 
87229 
87230 
70847 
87231 
70848 
70849 
5314 
70850 
54473 
54474 
54475 
54476 
87252 
70869 
87253 
70870 
87254 
70871 
87255 
70872 
21721 
21728 
70881 
70882 
70883 
70884 
87273 
70892 
70893 
87277 
38126 
70894 
38127 
70895 
38128 
87280 
38129 
38131 
120053 
70902 
87286 
70903 
70904 
70905 
87289 
136444 
38142 
70910 
38143 
54527 
38144 
54528 
70912 
38145 
54529 
70913 
54530 
70914 
70915 
70916 
70917 
70918 
54537 
87307 
54544 
54545 
54546 
70930 
70931 
70932 
70933 
87326 
70943 
70944 
70945 
70946 
70952 
70954 
87338 
70955 
87339 
70956 
87340 
70957 
54574 
70958 
54575 
70959 
54576 
70960 
54577 
87346 
87347 
87348 
87351 
87361 
628034 
103755 
169300 
169301 
169302 
103767 
54617 
169309 
169310 
169311 
103780 
87398 
152935 
87399 
87400 
87401 
54634 
54637 
87405 
54642 
21876 
21877 
120182 
21878 
120183 
21879 
120184 
54648 
54652 
21890 
21891 
21892 
21893 
21894 
120205 
120206 
120207 
120212 
120213 
54677 
120214 
54678 
54679 
54680 
21913 
21914 
21915 
21916 
54686 
87461 
21929 
87465 
21930 
21931 
21932 
120242 
120247 
120248 
120249 
87481 
120250 
120251 
120252 
120253 
71107 
5573 
71110 
71111 
71112 
71113 
71114 
87499 
21963 
71115 
120268 
21964 
71116 
120269 
21965 
120270 
5582 
21966 
5583 
21967 
5584 
21968 
21969 
21977 
21978 
87514 
21979 
87515 
87516 
87527 
120296 
120297 
87529 
120298 
87530 
120299 
38379 
87531 
153069 
54765 
54769 
54773 
38393 
38394 
38395 
38396 
87551 
87552 
38401 
87553 
87554 
5641 
54795 
38412 
22029 
38413 
38414 
54799 
54805 
120342 
54806 
120343 
120344 
54809 
54810 
87578 
22043 
54811 
87579 
54812 
87580 
87581 
38432 
5665 
54817 
87585 
5666 
71202 
5667 
5668 
38436 
38437 
54821 
38438 
54822 
38439 
54823 
38440 
120361 
38441 
71209 
120362 
38442 
120363 
71211 
87595 
71212 
87596 
120365 
87597 
120366 
87598 
120367 
87599 
120369 
120370 
120371 
71219 
71220 
71221 
87605 
71222 
87606 
22073 
54841 
22074 
22075 
87611 
38460 
71228 
71230 
38468 
38469 
54853 
38470 
54854 
38471 
54855 
38472 
38473 
38474 
87631 
87632 
87633 
54867 
54868 
54869 
54870 
5719 
120408 
120409 
120411 
54876 
5731 
54887 
38507 
38508 
87660 
38509 
5742 
5743 
5744 
136831 
54911 
54912 
54913 
38545 
87705 
87706 
87707 
22180 
38568 
38569 
38570 
38571 
54960 
22193 
38589 
38590 
38591 
38592 
22212 
120521 
120522 
120523 
54991 
54993 
54994 
54995 
54996 
22233 
55001 
22234 
55002 
22235 
55003 
120552 
120553 
120554 
120558 
120559 
55023 
120560 
55024 
55025 
55026 
22268 
22291 
120604 
38690 
38694 
38695 
38696 
628521 
120617 
38697 
120618 
38698 
120619 
38699 
38700 
55086 
55087 
55088 
55089 
22323 
22324 
22325 
104248 
104249 
104250 
104252 
38716 
104253 
38717 
104254 
38718 
38719 
104259 
104260 
104261 
38728 
55112 
104265 
55113 
104266 
55114 
104267 
55115 
22350 
38736 
104276 
104277 
104278 
104279 
104280 
104281 
55130 
104283 
55131 
104284 
55132 
104285 
55133 
38750 
38751 
38752 
55143 
55144 
55145 
55146 
55149 
55150 
55151 
55152 
22391 
22392 
87928 
22393 
87929 
87930 
87931 
22405 
22406 
87942 
22407 
38791 
87943 
22408 
38792 
87944 
38793 
87945 
22410 
38798 
87950 
38799 
38800 
87955 
87956 
87957 
55196 
55197 
55198 
104351 
55199 
104352 
104353 
104354 
38819 
38820 
38821 
38822 
186282 
87983 
38832 
38833 
38834 
38835 
104372 
104373 
104374 
104375 
38841 
38842 
38843 
88003 
88004 
88005 
284615 
88007 
104395 
88012 
284624 
104400 
284625 
104401 
6097 
284626 
104402 
284627 
104410 
104411 
55259 
104412 
104413 
284638 
88034 
88039 
6124 
88045 
88046 
88047 
55288 
55293 
38910 
55294 
38911 
55295 
38912 
55296 
38913 
55302 
88070 
88075 
88088 
22556 
88098 
88104 
120873 
120874 
120875 
120879 
120880 
120881 
104501 
104502 
104503 
104504 
415801 
415802 
415803 
415804 
120892 
120893 
120894 
104513 
88129 
104514 
104515 
104516 
88134 
415817 
415818 
415819 
415820 
120915 
415828 
120916 
415829 
120917 
415830 
415831 
88156 
120927 
120928 
88160 
120929 
39013 
39014 
39015 
120936 
39016 
120937 
120938 
39018 
88173 
120945 
120946 
55410 
88178 
120947 
55411 
55412 
55413 
120950 
39030 
120951 
120952 
88185 
88186 
88187 
88188 
120957 
120958 
39038 
55422 
120959 
39039 
55423 
39040 
55424 
55425 
120971 
88203 
120972 
88204 
120973 
39053 
88205 
39054 
88206 
39055 
120976 
88208 
120977 
88209 
120978 
55442 
88210 
55443 
88211 
55444 
415893 
55445 
88213 
415894 
170134 
415895 
170135 
415896 
170136 
120988 
120989 
120990 
170143 
170144 
120992 
39072 
415905 
170145 
120993 
39073 
88225 
415906 
120994 
39074 
415907 
415908 
88229 
415914 
415915 
121003 
88235 
415916 
121004 
415917 
121005 
88239 
612531 
39091 
366772 
39092 
39093 
71861 
88246 
104631 
88247 
121016 
104632 
88248 
121017 
104633 
88249 
121018 
55485 
104645 
104646 
104647 
39112 
170185 
39113 
39114 
39115 
104652 
104653 
104654 
88270 
104655 
55503 
88271 
55504 
88272 
55505 
88273 
55506 
88275 
39125 
39126 
39127 
39128 
71896 
39129 
104669 
104670 
104671 
39136 
39137 
39138 
104675 
104676 
104677 
55529 
104684 
71916 
104685 
121070 
104686 
121071 
88303 
121072 
88304 
88305 
88306 
121081 
121082 
121083 
121084 
121085 
121086 
6399 
88319 
121088 
121089 
121090 
121101 
416014 
121102 
416015 
121103 
416016 
88336 
416017 
121105 
55569 
121106 
55570 
121107 
55571 
55572 
416021 
416022 
416023 
6423 
416024 
121113 
121114 
88346 
121115 
104732 
88348 
104733 
104734 
104735 
416037 
88357 
416038 
416039 
121127 
416040 
121128 
121129 
88362 
88367 
416051 
88371 
416052 
416053 
416054 
416057 
416058 
416059 
104763 
416060 
104764 
104765 
104766 
121152 
55616 
121153 
88385 
121154 
104771 
104772 
104773 
55621 
88389 
416070 
39238 
55622 
416071 
39239 
55623 
416072 
39240 
55624 
416073 
121161 
39241 
121162 
121163 
121166 
72014 
121167 
88399 
121168 
88400 
88401 
121170 
104786 
6482 
88402 
137555 
121171 
104787 
6483 
121172 
104788 
6484 
55636 
55637 
55638 
55639 
39256 
39257 
121178 
39258 
121179 
39259 
88411 
121180 
88412 
121183 
121184 
121185 
104802 
104803 
88419 
104804 
22884 
88420 
88421 
88422 
121195 
104811 
121196 
104812 
121197 
104813 
121199 
22895 
39279 
121200 
104816 
22896 
39280 
121201 
104817 
22897 
39281 
88433 
104818 
22898 
104823 
104824 
121209 
104825 
121210 
72058 
121211 
39291 
72059 
39292 
72060 
39293 
72061 
39294 
88446 
88447 
88448 
39299 
39300 
121221 
39301 
121222 
88454 
121223 
22919 
88455 
88457 
88458 
88459 
39310 
72080 
6545 
72081 
72082 
22931 
72083 
22932 
22933 
22934 
6551 
6552 
6553 
22941 
22942 
22943 
22944 
612771 
39331 
88484 
88485 
104870 
88486 
88487 
39341 
39342 
88494 
39343 
39344 
55730 
72114 
55731 
55732 
88505 
88506 
88507 
121276 
88508 
121277 
121278 
88510 
39359 
88511 
121280 
104896 
88512 
121281 
104897 
22977 
88513 
121282 
104898 
22978 
22979 
22980 
121287 
121288 
121289 
121296 
121297 
39377 
121298 
88531 
121299 
121300 
22996 
121301 
121302 
121303 
121304 
88536 
88537 
88538 
88539 
23004 
23005 
23006 
88549 
121320 
88553 
121324 
55788 
121325 
55789 
121326 
55790 
55791 
39415 
39416 
39417 
39418 
72189 
39424 
121346 
121347 
121348 
39429 
72201 
88587 
39436 
88588 
39437 
55821 
88589 
39438 
55822 
39439 
55823 
55824 
104985 
72218 
39455 
72223 
39456 
72224 
39457 
88609 
39458 
72226 
88610 
72227 
88611 
55844 
88612 
55846 
88614 
55847 
88615 
55848 
55849 
55856 
55857 
55858 
23091 
55859 
55861 
55862 
55863 
121400 
39480 
55864 
121401 
39481 
121402 
39482 
55866 
39483 
55867 
55868 
55869 
170571 
170572 
170573 
170574 
55887 
72272 
39505 
72273 
6739 
6740 
6741 
55893 
6742 
23127 
88663 
88664 
88665 
88666 
55899 
55900 
55901 
170590 
23137 
23138 
39522 
23139 
55910 
55911 
55912 
55913 
72306 
72307 
72308 
72309 
55927 
170617 
55934 
55935 
55936 
23182 
23183 
23184 
23185 
72337 
55958 
105113 
72345 
105114 
72346 
105115 
72347 
23197 
55967 
55968 
55969 
72356 
6821 
72357 
6822 
55974 
72358 
6823 
72359 
23208 
39592 
55977 
55980 
170671 
55984 
72374 
72376 
449213 
170685 
449214 
170686 
23230 
449215 
170687 
449216 
170688 
72384 
72385 
72386 
449219 
23235 
72387 
449220 
449221 
449222 
170695 
23240 
56009 
56010 
56011 
56012 
449238 
449239 
170711 
449240 
170712 
449241 
170713 
39642 
56026 
56027 
72412 
56028 
121567 
23263 
121568 
23264 
121569 
23265 
39651 
39652 
39653 
23271 
23272 
23273 
72426 
6893 
105200 
105201 
105202 
285427 
285428 
170740 
285429 
170741 
170742 
170743 
285434 
285435 
105211 
285436 
105212 
105213 
72446 
105217 
285442 
105218 
285443 
105219 
285444 
285445 
121605 
285446 
285447 
105224 
72456 
170761 
105225 
72457 
105226 
72458 
72459 
449295 
23311 
23312 
449296 
449297 
449298 
23317 
6936 
6937 
6938 
23327 
449313 
449314 
105250 
449315 
105251 
23331 
449316 
105252 
613157 
449318 
121638 
449319 
449320 
449321 
23339 
105261 
39728 
39729 
39730 
39731 
285499 
285500 
285501 
56125 
72509 
56126 
56127 
105282 
105283 
105284 
56133 
105286 
23366 
56134 
285511 
105287 
56135 
285512 
105288 
285513 
56138 
121675 
56139 
285516 
121676 
56140 
285517 
121677 
285518 
105294 
105295 
285520 
105296 
285521 
72530 
285522 
72535 
72536 
105305 
72537 
105306 
105307 
105309 
105310 
105311 
56160 
56161 
56162 
105315 
105316 
105317 
449383 
23399 
449384 
23400 
449385 
23401 
449386 
105323 
72555 
105324 
72556 
105325 
72557 
72558 
72559 
121714 
121715 
121716 
105333 
105334 
449399 
105335 
449400 
121720 
105336 
449401 
121721 
105337 
72569 
449402 
121722 
105338 
121725 
121726 
121727 
72575 
88959 
88960 
449410 
449411 
23427 
449412 
23428 
39812 
449413 
121733 
23429 
39813 
121734 
23430 
39814 
121735 
39815 
121736 
121741 
121742 
121743 
121744 
121745 
121746 
72599 
72600 
23449 
72601 
88987 
105372 
105373 
105374 
88991 
449443 
449444 
449445 
449446 
23464 
89000 
121770 
121772 
89004 
23469 
449456 
449457 
89009 
449458 
449459 
121779 
23475 
121780 
121781 
629686 
23478 
23479 
56247 
23480 
56248 
449465 
23481 
89017 
449466 
105402 
23482 
89018 
449467 
56251 
89019 
449468 
56252 
89020 
629693 
23490 
23491 
23492 
23496 
89032 
23497 
89033 
23498 
89034 
89035 
39888 
89041 
23505 
39889 
56273 
39890 
56274 
39891 
56275 
56276 
89045 
23510 
89046 
121815 
89047 
121816 
89048 
121817 
72665 
23515 
89051 
89052 
72669 
89053 
89054 
89057 
39906 
39907 
121828 
39908 
121829 
39909 
121830 
89064 
89065 
89066 
121835 
89067 
121836 
121837 
56301 
56302 
56303 
89071 
56304 
89072 
89073 
89074 
105460 
89076 
105461 
105462 
56310 
56311 
89079 
105464 
56312 
105465 
56313 
89081 
105466 
89082 
89087 
105472 
39936 
89088 
89089 
39938 
89090 
121860 
39940 
89092 
121861 
39941 
121862 
39942 
7176 
105482 
105483 
105484 
23564 
105485 
89106 
121875 
89107 
121876 
89108 
121877 
39957 
89109 
89112 
89113 
39962 
89114 
39963 
39964 
23581 
23582 
23583 
89119 
121888 
23584 
121889 
121890 
121891 
39971 
89123 
89124 
89125 
89126 
7217 
39988 
23610 
56379 
23611 
72763 
23612 
72764 
23613 
72765 
23614 
72766 
105540 
23620 
105541 
23621 
105542 
23622 
56391 
23623 
56394 
56395 
56396 
105549 
56397 
105550 
105551 
105552 
105554 
56402 
105555 
56403 
105556 
56404 
105557 
56405 
89173 
89174 
56407 
56408 
56409 
56410 
89178 
89179 
89180 
89181 
72801 
72802 
285796 
285797 
285798 
285803 
285804 
285805 
72816 
285808 
7280 
285809 
7281 
23665 
285810 
7282 
285811 
7283 
285812 
285813 
105593 
105594 
105595 
89212 
89213 
89214 
89215 
7299 
56451 
56452 
56453 
56454 
56460 
56461 
56462 
56463 
89231 
89232 
23697 
89233 
89234 
105628 
56476 
105629 
105630 
56485 
56486 
56487 
56488 
56500 
40119 
40120 
40121 
56505 
23738 
40122 
56506 
23739 
56507 
23740 
56508 
122045 
72896 
72923 
105698 
105700 
105701 
56554 
56557 
72942 
23793 
89329 
23794 
23795 
23796 
72953 
72954 
72955 
72956 
89341 
89342 
89343 
56576 
89344 
72966 
72968 
56587 
56588 
56589 
56592 
72976 
72977 
72978 
72979 
72985 
171293 
171294 
171295 
154915 
56616 
171305 
73001 
171306 
56618 
171307 
56619 
23852 
23853 
40237 
23854 
105775 
23855 
105776 
154931 
105780 
171317 
73013 
171318 
73014 
171319 
56631 
73015 
56632 
73016 
56633 
23866 
56634 
23867 
23868 
23869 
154942 
40255 
73024 
73025 
73026 
73027 
56647 
56649 
73033 
40270 
40271 
40272 
40273 
23893 
73047 
73048 
40281 
73049 
40282 
73050 
40283 
73052 
105821 
7517 
105822 
7518 
40286 
105823 
7519 
40287 
7520 
40288 
40289 
23906 
23907 
23908 
23909 
56680 
56683 
56684 
23917 
56685 
40303 
40304 
23921 
40305 
40306 
597363 
23925 
23926 
23927 
40311 
7546 
23936 
40322 
40323 
40324 
56709 
56710 
56711 
56712 
105867 
105868 
105869 
40337 
73105 
73106 
23955 
105876 
105877 
105878 
105879 
56727 
40345 
40346 
40347 
105884 
56732 
56734 
7584 
23970 
56738 
73122 
23971 
23972 
23973 
105895 
73127 
105896 
73128 
105897 
73129 
105898 
105901 
40365 
56749 
40366 
7599 
40367 
7600 
23984 
56752 
7601 
171454 
171455 
171456 
56771 
171462 
138694 
171463 
56775 
171464 
56776 
56777 
56778 
7628 
40396 
7629 
40397 
7630 
40398 
171479 
171480 
171481 
73182 
73183 
56803 
7652 
105959 
56807 
105960 
7656 
105961 
7657 
7658 
7659 
105971 
89587 
89588 
7669 
89589 
7670 
7671 
7672 
597502 
40446 
40447 
40448 
40449 
56835 
138756 
56838 
56839 
105999 
89615 
89616 
89617 
106007 
106008 
106018 
106019 
106020 
40486 
73277 
73284 
73285 
73286 
56903 
56904 
171600 
171601 
171602 
171608 
171609 
40537 
171610 
40542 
40543 
40544 
24161 
73313 
106086 
106087 
106088 
40564 
40565 
40566 
40567 
7800 
7801 
7802 
7803 
89733 
89734 
89735 
56992 
56995 
73391 
73392 
73393 
57020 
57022 
57023 
73416 
57034 
57035 
57036 
57037 
106203 
106204 
106205 
106206 
57065 
57071 
57072 
57073 
286462 
286463 
286464 
7939 
7940 
7941 
286470 
7942 
286471 
286472 
614155 
57100 
286478 
286479 
57103 
286480 
24336 
57104 
24337 
57105 
24338 
286483 
286484 
286485 
57114 
57115 
57116 
57117 
73501 
73506 
106277 
57128 
57129 
57130 
139051 
57131 
73520 
106289 
73521 
106290 
73522 
106291 
73523 
106292 
57141 
57142 
57143 
57144 
57147 
57148 
57149 
57150 
139071 
73539 
73546 
73547 
73548 
73549 
597853 
171873 
73577 
73582 
40818 
40819 
40820 
40821 
40824 
8061 
8062 
73598 
73599 
8063 
8064 
40833 
204674 
40834 
73602 
40835 
73604 
171915 
40847 
73615 
73621 
106397 
106398 
106399 
73631 
73632 
73633 
73636 
24490 
73654 
106426 
57274 
57275 
57276 
73660 
57277 
171968 
57280 
57281 
73665 
57282 
73666 
57283 
73667 
73668 
40912 
40913 
40914 
73682 
40915 
73683 
73684 
57303 
57304 
57305 
57306 
40930 
57314 
57315 
57316 
57317 
73705 
73710 
57332 
57333 
57334 
57335 
24568 
24569 
57337 
24570 
40954 
57338 
24571 
57339 
57340 
57343 
57344 
57345 
73729 
57346 
73730 
73731 
73732 
598023 
8200 
57352 
8201 
57353 
8202 
57354 
8203 
57355 
40972 
40973 
40974 
40975 
73743 
57360 
73744 
57361 
73745 
57362 
73746 
57363 
57365 
73749 
57366 
57367 
57368 
40986 
40987 
57371 
40988 
57372 
106525 
40989 
57373 
106526 
57374 
106527 
106528 
106531 
106532 
73769 
73770 
57387 
73771 
57388 
57389 
57390 
172080 
8243 
73779 
73780 
73781 
106555 
90171 
41020 
73788 
90172 
106557 
73789 
90173 
73790 
73791 
41024 
41025 
41026 
8259 
24643 
41027 
8260 
24644 
41028 
8261 
24645 
41029 
24646 
41030 
90184 
90185 
90186 
90198 
90199 
90200 
8289 
8290 
8291 
57448 
57449 
24682 
41067 
41068 
73836 
41069 
8302 
41070 
8303 
41072 
8304 
8305 
155762 
41083 
41084 
41085 
41110 
73885 
614563 
90275 
90276 
204965 
90277 
73894 
172207 
172208 
172209 
172219 
172220 
106684 
172221 
8381 
106688 
8385 
8386 
41154 
57538 
8387 
41155 
8388 
41156 
57542 
90313 
90314 
90315 
8397 
41169 
8402 
41170 
8403 
41171 
73939 
90323 
8404 
41172 
90324 
90325 
73944 
73950 
57567 
57568 
57569 
57570 
73956 
73960 
8425 
41193 
8429 
73965 
8430 
8431 
41206 
73974 
41207 
41208 
41212 
57596 
90364 
41213 
57597 
90365 
41214 
57598 
90366 
41215 
57599 
73985 
41218 
41219 
41220 
73988 
41221 
631051 
57612 
90380 
57613 
90381 
24846 
57614 
90382 
24847 
57615 
73999 
24848 
90384 
24849 
90385 
24850 
74002 
90386 
74003 
74004 
90388 
74005 
90389 
90390 
74012 
57631 
8483 
8484 
41252 
57636 
8485 
41253 
8486 
41254 
41255 
57640 
57646 
57647 
57648 
57650 
41270 
57654 
41271 
41272 
41273 
57657 
57658 
74044 
90429 
90430 
90431 
74049 
74050 
74051 
8516 
57668 
57669 
57670 
57671 
24908 
24909 
24910 
41297 
41298 
41299 
41300 
57689 
41306 
41307 
41308 
139616 
57699 
41317 
41318 
41319 
74087 
57706 
57707 
57708 
57709 
41335 
41336 
74104 
41337 
41338 
172414 
74110 
41353 
57737 
41354 
41355 
172433 
74130 
74131 
74132 
74133 
74135 
156060 
139676 
106908 
106909 
41373 
106910 
41374 
106911 
41375 
8608 
24992 
614817 
74145 
74146 
74147 
74149 
8614 
24998 
74150 
24999 
41383 
74151 
25000 
41384 
74152 
41385 
41386 
57773 
57774 
57775 
57776 
57777 
106932 
57780 
74174 
74181 
74182 
123335 
74183 
57800 
74191 
41427 
57811 
41428 
57812 
41429 
57813 
57814 
74199 
74200 
74201 
172511 
41445 
41446 
41447 
57831 
57832 
57833 
57834 
57836 
57838 
57842 
57843 
598524 
57857 
57858 
139779 
57859 
188932 
57860 
74244 
139781 
25093 
57861 
25094 
107015 
25095 
107016 
25096 
107017 
57865 
107018 
74253 
74257 
74258 
57877 
57878 
57879 
41496 
57880 
41497 
41498 
41499 
41502 
139811 
57894 
57895 
57896 
57897 
41528 
41529 
41530 
41531 
57921 
57922 
139843 
57923 
107076 
57924 
107077 
107078 
41542 
41543 
41544 
41545 
74322 
74323 
74324 
74325 
57943 
8797 
8798 
8799 
8800 
57954 
74340 
41593 
25210 
41594 
41595 
41596 
139901 
57983 
57984 
123521 
57985 
57986 
57988 
25221 
25222 
25223 
74375 
74376 
74377 
74378 
57997 
58008 
25241 
74395 
74407 
74408 
74409 
74410 
58027 
58028 
58029 
58030 
58031 
58037 
58038 
156343 
58039 
41656 
41657 
41658 
41659 
58048 
58054 
58055 
58056 
58064 
41681 
41682 
41683 
41684 
58069 
107223 
25306 
58074 
25307 
25308 
25309 
8928 
41696 
41697 
41698 
41699 
58084 
41701 
74469 
41702 
41703 
418543 
58095 
25330 
41715 
74484 
58101 
74485 
74486 
74487 
172795 
172796 
172797 
25346 
41731 
41732 
41733 
41734 
58121 
74509 
74510 
74511 
41744 
74512 
41745 
172818 
41746 
172819 
41747 
172820 
58140 
74532 
41769 
58163 
58167 
58178 
74564 
172869 
172870 
172871 
58183 
74569 
172878 
172879 
41807 
172880 
58192 
74581 
25430 
25431 
25432 
25433 
9050 
25434 
25435 
25436 
74588 
172897 
172898 
74594 
172899 
172900 
74600 
58217 
74601 
58218 
74602 
58219 
58220 
74605 
58222 
74606 
74607 
74608 
58227 
58232 
74619 
74621 
91005 
74622 
91006 
9087 
74623 
91007 
58242 
25475 
25478 
598919 
25479 
25480 
58248 
91016 
91017 
9098 
91018 
9099 
91019 
9100 
58252 
91020 
91021 
91023 
91024 
91025 
58259 
58260 
25499 
25500 
25501 
74655 
107427 
9123 
9124 
9125 
58279 
58280 
74664 
58281 
58283 
74668 
74673 
9138 
9139 
9140 
9141 
107448 
107449 
107450 
58298 
107451 
74685 
172992 
172993 
172994 
58307 
25543 
25544 
25545 
25546 
173008 
9168 
74704 
58322 
58323 
123860 
58324 
74708 
123861 
58325 
9178 
9183 
91104 
91105 
74722 
91106 
58340 
123880 
91112 
123881 
123882 
9194 
9195 
9196 
58348 
91116 
91117 
91118 
91120 
58353 
74737 
9202 
74738 
74739 
74740 
91125 
123894 
58358 
91126 
123895 
91127 
9208 
9209 
9210 
123899 
123900 
41980 
123901 
41981 
41982 
91134 
91135 
58368 
91136 
123905 
123906 
74755 
74756 
74757 
58374 
58375 
9224 
9225 
9226 
123915 
9227 
74766 
123921 
58386 
58390 
74775 
74776 
74777 
74778 
74791 
9256 
74792 
74793 
91178 
9259 
9260 
9261 
91182 
74799 
91183 
123952 
91184 
123953 
123954 
74806 
91192 
91194 
91195 
91196 
107585 
107586 
74818 
156739 
74819 
91203 
74820 
91204 
74821 
91205 
173129 
58441 
173130 
58442 
173131 
58443 
173132 
58444 
74828 
42067 
42068 
74841 
74842 
74843 
74844 
107619 
107620 
58468 
107627 
74880 
107655 
58509 
107663 
107670 
91287 
304280 
156826 
304283 
304284 
304285 
304286 
156832 
58528 
304292 
58534 
107687 
58535 
58536 
58537 
91307 
304302 
304305 
304306 
304307 
304308 
304311 
91319 
58552 
91320 
58553 
91321 
42170 
58554 
42171 
58555 
9404 
42172 
107709 
9405 
42173 
9406 
9407 
91331 
304324 
91332 
107717 
91333 
74950 
304327 
304328 
304329 
304330 
156874 
304335 
91344 
91345 
304338 
91346 
304339 
304340 
304341 
91349 
91350 
304343 
91351 
74968 
74969 
74970 
74971 
91356 
304349 
91357 
91358 
74975 
74976 
74977 
74978 
58595 
91369 
91370 
91371 
58606 
91374 
58607 
91375 
58608 
91376 
91377 
91378 
140531 
91379 
74998 
91385 
91386 
156923 
75003 
91387 
91395 
91396 
91397 
156938 
91405 
75022 
91406 
75023 
91407 
75024 
75025 
91409 
91410 
75027 
91411 
75037 
140579 
75044 
91431 
58664 
75048 
91432 
58665 
91433 
58666 
58667 
75056 
91441 
91442 
91443 
91449 
91450 
91451 
91455 
91456 
91457 
75080 
58697 
91484 
91485 
91486 
91487 
75107 
140662 
9595 
42374 
25991 
9607 
42379 
140688 
58768 
58769 
107922 
58770 
58771 
107926 
107927 
107928 
75163 
75164 
75165 
75166 
9638 
9650 
9651 
9652 
75194 
75195 
75196 
75197 
58815 
58816 
58817 
58818 
140746 
75210 
91594 
75211 
75212 
75213 
173521 
173522 
173523 
173524 
58837 
58838 
58839 
58840 
58841 
58842 
58843 
107996 
58844 
9699 
58851 
173540 
173541 
58853 
173542 
58854 
58857 
26090 
58858 
58859 
9729 
9730 
9731 
58883 
58884 
58885 
58886 
353807 
75279 
353808 
353809 
353810 
353813 
353814 
9750 
353815 
108055 
353816 
108056 
108057 
58914 
58915 
58916 
58917 
26150 
26151 
353832 
26152 
353833 
26153 
353834 
26154 
353835 
58926 
75310 
58927 
75311 
58928 
75313 
58938 
58939 
108092 
58940 
58941 
58944 
58945 
75336 
353869 
353870 
353871 
353872 
75345 
75347 
75348 
75349 
75350 
353883 
353884 
353885 
75357 
353886 
75358 
353888 
353889 
353890 
353891 
26212 
26213 
26214 
75368 
75369 
75371 
124535 
124536 
124537 
124538 
75387 
75390 
124548 
124549 
124550 
59016 
59017 
59018 
59019 
222863 
75411 
75412 
75413 
222872 
124568 
222873 
124569 
59033 
222874 
124570 
59034 
222875 
59035 
59036 
75421 
75422 
124578 
124579 
353956 
124580 
353957 
353958 
222886 
353959 
124587 
124588 
75440 
124593 
75441 
124594 
75442 
353972 
353973 
353974 
353975 
26295 
124601 
124602 
91834 
124603 
26301 
26302 
353983 
26303 
353984 
353985 
353986 
59075 
42704 
42705 
42706 
42707 
59097 
59103 
354016 
59104 
354017 
59105 
354018 
59106 
354019 
9955 
59107 
91875 
9956 
59108 
91876 
9957 
59109 
91877 
9958 
354029 
354030 
354031 
354032 
354038 
354039 
354040 
354041 
59147 
59151 
59152 
26399 
26400 
26401 
26402 
108337 
108338 
108339 
91958 
91959 
91960 
91961 
91964 
10053 
173895 
59207 
173896 
173897 
10058 
10071 
173918 
173919 
42847 
206688 
173920 
75618 
75619 
75620 
75621 
75627 
141163 
108399 
59251 
59252 
59253 
92027 
92028 
92029 
124798 
124799 
124800 
42885 
42886 
42887 
10121 
124811 
124812 
42892 
124813 
42893 
42894 
42895 
92047 
92048 
59281 
92049 
75666 
10131 
124820 
10132 
124821 
10133 
10134 
75673 
75674 
124828 
124829 
124830 
10147 
10148 
59300 
10149 
59301 
59302 
59303 
59304 
75696 
75697 
75698 
75699 
59316 
10165 
599990 
26552 
10169 
10170 
75706 
10171 
10172 
124863 
124864 
124865 
108483 
75716 
75717 
59334 
75718 
59335 
75719 
42952 
59336 
59337 
75722 
42956 
42957 
42958 
42959 
75727 
10194 
42963 
600020 
42964 
10197 
42965 
10198 
10199 
124888 
10200 
124889 
124890 
600034 
600035 
124899 
600036 
255972 
600037 
223206 
255975 
223207 
10215 
75751 
255976 
223208 
10216 
255977 
223209 
10217 
42985 
255978 
10218 
255980 
223215 
42992 
42993 
42994 
42995 
10228 
42996 
10229 
42997 
255990 
10230 
42998 
255993 
255994 
141306 
255995 
255996 
255999 
223231 
223232 
223233 
223234 
10243 
26627 
256012 
75788 
256015 
256016 
256017 
256018 
10261 
10262 
256023 
10263 
10264 
75800 
256026 
256027 
256028 
256029 
10269 
75806 
256031 
75807 
75808 
59427 
256037 
108585 
108586 
10282 
108587 
108588 
75821 
10286 
10287 
75823 
10288 
75824 
75825 
600116 
59467 
10316 
59468 
59469 
59470 
10321 
108632 
108633 
108634 
108635 
92255 
92256 
92257 
75874 
92261 
75878 
92262 
125031 
75879 
92263 
125032 
75880 
125033 
125034 
108656 
92272 
92274 
92276 
125045 
92277 
125046 
59510 
92278 
125047 
59511 
125048 
10360 
59512 
59513 
10363 
10364 
10365 
10366 
43134 
43141 
600198 
125062 
600199 
125064 
125069 
125070 
125071 
43151 
92315 
92316 
92317 
26786 
26787 
26788 
92327 
92328 
92329 
75949 
600240 
600241 
600242 
600243 
108728 
108730 
108731 
108732 
26813 
26814 
26815 
26816 
125123 
125124 
125125 
125126 
43209 
26832 
26836 
75988 
92372 
125141 
26837 
26838 
174298 
174299 
174300 
75996 
75997 
75998 
174308 
174316 
174317 
174318 
157946 
26883 
157959 
157961 
108809 
108810 
108811 
108812 
76045 
92429 
92430 
76047 
92431 
108818 
92434 
108819 
92435 
157972 
108820 
92436 
108821 
76059 
92443 
26908 
76060 
92444 
92445 
59678 
92447 
157984 
92448 
92449 
59683 
158013 
158023 
92499 
92500 
26965 
92501 
26966 
26967 
26968 
125303 
125304 
125305 
76154 
76155 
76156 
76157 
600451 
92573 
92574 
92575 
616866 
43426 
125347 
43430 
43435 
92587 
92588 
92589 
125359 
125360 
125361 
125362 
92596 
92597 
92598 
76216 
92611 
174543 
174554 
174555 
43483 
174556 
43486 
43490 
76258 
174596 
92703 
92704 
92705 
92706 
43558 
43559 
43560 
43561 
43578 
43579 
43580 
43587 
43588 
43589 
43590 
76371 
76372 
76373 
76374 
125538 
125539 
125540 
43620 
125541 
43621 
43622 
76398 
43637 
43638 
43639 
109177 
76410 
76411 
76412 
174717 
174718 
174719 
305796 
305799 
305800 
305801 
76425 
305802 
76426 
125579 
76427 
76428 
125583 
305808 
125584 
125585 
305819 
43680 
43681 
305826 
43682 
43683 
92835 
92836 
305829 
92837 
305830 
27302 
305831 
305832 
27304 
43688 
43689 
43690 
43691 
174770 
125620 
125621 
305846 
125622 
125623 
305853 
305856 
305857 
142018 
305858 
305859 
305861 
43717 
43718 
43719 
305864 
305865 
305866 
305867 
305869 
27345 
174802 
43730 
174803 
43731 
174804 
43732 
43757 
43761 
43762 
43763 
174836 
43764 
174837 
43765 
174838 
43766 
43767 
76535 
76536 
76537 
125709 
125710 
125711 
125712 
27436 
43821 
43822 
43823 
43848 
60261 
76648 
60265 
76649 
60266 
76650 
60267 
76651 
60268 
43889 
43890 
43891 
60277 
60278 
60279 
60280 
43901 
43902 
43903 
43904 
207759 
617360 
43926 
60315 
43932 
43933 
43934 
93089 
43938 
93090 
43939 
93091 
256932 
43940 
93092 
43941 
256935 
256936 
256937 
76713 
256938 
76714 
76715 
43948 
76716 
256944 
43954 
43955 
43956 
43959 
43962 
256955 
27579 
43963 
43964 
256962 
256965 
256966 
256967 
158664 
256968 
109518 
109519 
109520 
256982 
109526 
109527 
43991 
43992 
43993 
43994 
256989 
43999 
256992 
44000 
256993 
44001 
256994 
44002 
256995 
256997 
76775 
257000 
175080 
257001 
257002 
257003 
109547 
76780 
257005 
76781 
76782 
76783 
76788 
76789 
76790 
60413 
125950 
44031 
44032 
44033 
60421 
60422 
60423 
76811 
76812 
76813 
76814 
44048 
44049 
44050 
76821 
76822 
175127 
76823 
76824 
125982 
109607 
27688 
109609 
44073 
44074 
44075 
109617 
27699 
27700 
27701 
76857 
76858 
76859 
44093 
44094 
44095 
126016 
126017 
76865 
126018 
126019 
126020 
126021 
126022 
126024 
126031 
126032 
126033 
109649 
76912 
76917 
76921 
27771 
76926 
126079 
11399 
11400 
11401 
11402 
126100 
76949 
76961 
76962 
76963 
109732 
109733 
76965 
126122 
76973 
126126 
44206 
76974 
175279 
44207 
76975 
175280 
44208 
175281 
44209 
44214 
44215 
44216 
44217 
44218 
109755 
44219 
126140 
109756 
44220 
126141 
109757 
44221 
126142 
109758 
126143 
44227 
44228 
44229 
60615 
60616 
60617 
60618 
109772 
11468 
109773 
11473 
44241 
44242 
44243 
175320 
175321 
175322 
175325 
175326 
11486 
175327 
126183 
93421 
93422 
93423 
93426 
93427 
93428 
126211 
126212 
126213 
11530 
175377 
11537 
11538 
11539 
77076 
60693 
77077 
77078 
93462 
77079 
93463 
93464 
44316 
44317 
44318 
11551 
44319 
11552 
11553 
93473 
11554 
27938 
93474 
27939 
93475 
27940 
11565 
126257 
11569 
126258 
126259 
126260 
109880 
60730 
27973 
27974 
27975 
109896 
109897 
11593 
93513 
601418 
109898 
93514 
109899 
93515 
77136 
77137 
77138 
77139 
11604 
11605 
93525 
11606 
93526 
93527 
109913 
109914 
60762 
109915 
44380 
109917 
11613 
44381 
109918 
11614 
44382 
109919 
11615 
44383 
44385 
175459 
175460 
175461 
109925 
109926 
44390 
60774 
109927 
44391 
109928 
44392 
109929 
109930 
109931 
11627 
11628 
11629 
11630 
60786 
60787 
60788 
77172 
60789 
11639 
44408 
44409 
44410 
44411 
77184 
77185 
44418 
77186 
44419 
44420 
93572 
28039 
11657 
77193 
11658 
77194 
11659 
77195 
11660 
77196 
77197 
77198 
77199 
126352 
126353 
11665 
126354 
28055 
28056 
28057 
28058 
28059 
77217 
77218 
11683 
77219 
44452 
77220 
44453 
28070 
44454 
28071 
44455 
28072 
28078 
208303 
208304 
208305 
11701 
60857 
11706 
28090 
60858 
44475 
28091 
60859 
28092 
208317 
28093 
208318 
208319 
44483 
28100 
44484 
28101 
44485 
28102 
28103 
93639 
93640 
93641 
93644 
93645 
208334 
93646 
208335 
208336 
44499 
93654 
93655 
93656 
77273 
77278 
11743 
77279 
77280 
11750 
11751 
11752 
77291 
60916 
28150 
77303 
77304 
77305 
77306 
28158 
28159 
28160 
60928 
60929 
60930 
60944 
60945 
60946 
60947 
77336 
77337 
77338 
77355 
11820 
77356 
11821 
77357 
11822 
44590 
77358 
44591 
44592 
44593 
93746 
44595 
93747 
93748 
44603 
44604 
44605 
601668 
142918 
110164 
77399 
77400 
77401 
77402 
601695 
11871 
93793 
93794 
93795 
11878 
11879 
11880 
11881 
93807 
93808 
93809 
77429 
110200 
93816 
110201 
11897 
93817 
110202 
11898 
93818 
11899 
93822 
93827 
93828 
93829 
28300 
28301 
28302 
77454 
28303 
77457 
11922 
28306 
61074 
77458 
61075 
77459 
61076 
77460 
61077 
77461 
28310 
77462 
77463 
28314 
28315 
28321 
110242 
601775 
28344 
11965 
28349 
601790 
110270 
28350 
93886 
126655 
28351 
126656 
28352 
126657 
77507 
175813 
28365 
93905 
93906 
110291 
93907 
61141 
61142 
61143 
61144 
110297 
110298 
110299 
110300 
110301 
110302 
405215 
110303 
405216 
126688 
405217 
126689 
126690 
44772 
405224 
405225 
405226 
28397 
618226 
12019 
28406 
28407 
28408 
28409 
77562 
28413 
12030 
110335 
12031 
12032 
44800 
61184 
44801 
61185 
44802 
61186 
28419 
61187 
61190 
28426 
28427 
28428 
28429 
28430 
126736 
61200 
126737 
28433 
126738 
61206 
61215 
77599 
61216 
77600 
126753 
61217 
77601 
126754 
61218 
126755 
110371 
61219 
61220 
61221 
61222 
110376 
110377 
110378 
110379 
77613 
77616 
77617 
77618 
12088 
77627 
28475 
28476 
28477 
28478 
61246 
94014 
12095 
61247 
94015 
12096 
61248 
94016 
12097 
61251 
61252 
61253 
61254 
77640 
94027 
94028 
94029 
44878 
44879 
44880 
44881 
61265 
61266 
61267 
110422 
61272 
110424 
61273 
61274 
61275 
44892 
44893 
44894 
94047 
12133 
44901 
77673 
77674 
77675 
61306 
61307 
12156 
61308 
12157 
61309 
12158 
12159 
28543 
77695 
77696 
61313 
77697 
61314 
77698 
61315 
61316 
77706 
12170 
61322 
28558 
44942 
77710 
77711 
77712 
12177 
77713 
28563 
61333 
61334 
61335 
61336 
28569 
44953 
44954 
61338 
44955 
143260 
61342 
77726 
61343 
77727 
61344 
77728 
61345 
77729 
143266 
28585 
12202 
28586 
110507 
28587 
61355 
110508 
110509 
44976 
28594 
77746 
77747 
77748 
61365 
77749 
28599 
44984 
44985 
44986 
61371 
28604 
77760 
77761 
77762 
77763 
61380 
61381 
61382 
61383 
94155 
61388 
94156 
143309 
94157 
61390 
77774 
94162 
94163 
28628 
94164 
28629 
28630 
28631 
45015 
45016 
45017 
45018 
77794 
45028 
45029 
45030 
77799 
45036 
45037 
94190 
77810 
77811 
94195 
77812 
94196 
77813 
94197 
28666 
77818 
77819 
77820 
77821 
126980 
28677 
77829 
28678 
77830 
28679 
77831 
126984 
28680 
77832 
126985 
61449 
126986 
77840 
45076 
126997 
45077 
61461 
126998 
45078 
61462 
126999 
45079 
61463 
61465 
602138 
110624 
61473 
61474 
61475 
143396 
110629 
28709 
28710 
28711 
28712 
77864 
28713 
77865 
77866 
77867 
28719 
28720 
77872 
28721 
77873 
28722 
77874 
77879 
77887 
77888 
77889 
94273 
94274 
94275 
405581 
405582 
405583 
77904 
45142 
405592 
405593 
405594 
94298 
77915 
94299 
45148 
94300 
45149 
45150 
405602 
28770 
405603 
405604 
405609 
12393 
405610 
12394 
405611 
12395 
77933 
77934 
405615 
12399 
77935 
405616 
12400 
405617 
12401 
45169 
12402 
45171 
45174 
405623 
45175 
405624 
45176 
94328 
405625 
94329 
94330 
77947 
77948 
77949 
77950 
94337 
94338 
94339 
176260 
61572 
176261 
28805 
61573 
61574 
28811 
28812 
28813 
28814 
61585 
77970 
77971 
176279 
176280 
176281 
45210 
45211 
110748 
45212 
45213 
110752 
110753 
110754 
602275 
602276 
602282 
176298 
176299 
176300 
45234 
28853 
176312 
176313 
61625 
176314 
176316 
28860 
176317 
28861 
176318 
28862 
176322 
176323 
176324 
45253 
61643 
61644 
61645 
61646 
176335 
176336 
176337 
45270 
45271 
45272 
176350 
176351 
176352 
176353 
143591 
176364 
176367 
127215 
176368 
28912 
176369 
28913 
28914 
176371 
28915 
127222 
127223 
45303 
61687 
127224 
45304 
61688 
127225 
45305 
61689 
61690 
176380 
45322 
45326 
127247 
127248 
127249 
94481 
127250 
94482 
94484 
176410 
127260 
127261 
127262 
94504 
94506 
94508 
28972 
127277 
28973 
28974 
127279 
28975 
127280 
94512 
127281 
45361 
94513 
45362 
94514 
45363 
94515 
45364 
61748 
28986 
28987 
28988 
110909 
28989 
110910 
61759 
61760 
45377 
61761 
45378 
45379 
45380 
110925 
110926 
110928 
127317 
127318 
127319 
127320 
29016 
61784 
61785 
61786 
61787 
29021 
127332 
127333 
127334 
127335 
29032 
127337 
29033 
127338 
29034 
127339 
29035 
127353 
127354 
127355 
127356 
29059 
127364 
127365 
127366 
127367 
176522 
176523 
176524 
12686 
176527 
176528 
176529 
29078 
45464 
45465 
45466 
45467 
78235 
78236 
78237 
29093 
29094 
29095 
111016 
29096 
12719 
602544 
94642 
111027 
29107 
94643 
94644 
94645 
111035 
78267 
78268 
78269 
45509 
111046 
45510 
111047 
45511 
111048 
78285 
78286 
78287 
78288 
61905 
61906 
61907 
78291 
61908 
127450 
127452 
61917 
78302 
29151 
29152 
29153 
45537 
29154 
45538 
45539 
45540 
29161 
78313 
29162 
78314 
29163 
78315 
29164 
78316 
29165 
176622 
127473 
78321 
45558 
45559 
45560 
45561 
61946 
127483 
78331 
356861 
356862 
356863 
356864 
78336 
29185 
29186 
29187 
45571 
127492 
29188 
45572 
127493 
45573 
127494 
45574 
127495 
78343 
78348 
356877 
61965 
356878 
45582 
94734 
356879 
45583 
94735 
356880 
45584 
94736 
78354 
111123 
61975 
356888 
78360 
356889 
356890 
356891 
78365 
209441 
78371 
94757 
127526 
45606 
61990 
127527 
127528 
61992 
127529 
61993 
78377 
29226 
61994 
29227 
61995 
29228 
61996 
209453 
29229 
29230 
94766 
29231 
78383 
29232 
127537 
94769 
127538 
127539 
127543 
127544 
127545 
127546 
78394 
127548 
127549 
127550 
12864 
12865 
127554 
12866 
127555 
12867 
127556 
127557 
29253 
127558 
29254 
127559 
29255 
127560 
29256 
127561 
62027 
62028 
62035 
45651 
45652 
45653 
45654 
62038 
62039 
29272 
62040 
356953 
62041 
356954 
356955 
356956 
62050 
356965 
29285 
356966 
356967 
356968 
78442 
602731 
78444 
356974 
356975 
356976 
356977 
45682 
45683 
45684 
94837 
62071 
62072 
62073 
45691 
45696 
45697 
78465 
45698 
45699 
29317 
29318 
45702 
29319 
45703 
78471 
78472 
78473 
62091 
94859 
111249 
111250 
111251 
45717 
111254 
111255 
111256 
45726 
45727 
45728 
94880 
45729 
94881 
94882 
94887 
45736 
94888 
94889 
111280 
111281 
45745 
111282 
45746 
45747 
111284 
111285 
62133 
111286 
62134 
62135 
94905 
94906 
94907 
94910 
94911 
94912 
160451 
45765 
45766 
45767 
45774 
45775 
45776 
45777 
357077 
127701 
357078 
357079 
357080 
94936 
94937 
94938 
357084 
357085 
357086 
357087 
45796 
45797 
94949 
29414 
45798 
94950 
29415 
45799 
94951 
29416 
29417 
45801 
45802 
94954 
29419 
45803 
94955 
357100 
94956 
357101 
94957 
357102 
29422 
94958 
357103 
94959 
29426 
45810 
94965 
94966 
94967 
13049 
357114 
13050 
357115 
13051 
94971 
357116 
94972 
357117 
94973 
357120 
357121 
357122 
357123 
94985 
94986 
111371 
94987 
111372 
357133 
111373 
94989 
357134 
111374 
94990 
357135 
94991 
357136 
45840 
111377 
13082 
13083 
29467 
13084 
29468 
29469 
45853 
45854 
45855 
95008 
78631 
111400 
78632 
111401 
78633 
111402 
78634 
111403 
45869 
45870 
45871 
111408 
45872 
111409 
111410 
45874 
45875 
45876 
95028 
95029 
95030 
29495 
78647 
78648 
111417 
45881 
78649 
45882 
29499 
45883 
29500 
29501 
29505 
45889 
29506 
29507 
95043 
29508 
95044 
95045 
176970 
176971 
29523 
29524 
29525 
29526 
176986 
29530 
176988 
45918 
176991 
176992 
176993 
45925 
45926 
45927 
45928 
45929 
45930 
45931 
45946 
160651 
13199 
95131 
95132 
95133 
95134 
29599 
111544 
111545 
29625 
111546 
29626 
62394 
111547 
29627 
29628 
62399 
46019 
62403 
111556 
111557 
111558 
111559 
62412 
29645 
46029 
62413 
29646 
62414 
29647 
62416 
46034 
62420 
46038 
29655 
46039 
29656 
29657 
29658 
62426 
95194 
95195 
95196 
95201 
95202 
95203 
619496 
13290 
62442 
177133 
62447 
95217 
46066 
95218 
46067 
46068 
62452 
46069 
95221 
62462 
95232 
95233 
46082 
95234 
62469 
95237 
95238 
29703 
95239 
46091 
62475 
46092 
46093 
95246 
95247 
95248 
29717 
144413 
111651 
111652 
111653 
46122 
29742 
111663 
29743 
111664 
29744 
111665 
29745 
144436 
111669 
144438 
111670 
111671 
29751 
29752 
29753 
29754 
111675 
111676 
111677 
46144 
46145 
46146 
13382 
111687 
111688 
95304 
111689 
62537 
95305 
62538 
95306 
62539 
62540 
29773 
29774 
29775 
29776 
29780 
13397 
29781 
13398 
29782 
13399 
29783 
29790 
128097 
111713 
111714 
13410 
111715 
13411 
111716 
13412 
29797 
29798 
128106 
111725 
111726 
29806 
111727 
13425 
13426 
13427 
46195 
13428 
46196 
62580 
46197 
62581 
46198 
46199 
46201 
29827 
46213 
242822 
46221 
46222 
242831 
46223 
242832 
111760 
29840 
46224 
242833 
111761 
13458 
242834 
111762 
111763 
13460 
13461 
13462 
29849 
29850 
29851 
242845 
46241 
46242 
46243 
29868 
111791 
111792 
111793 
111794 
46260 
111799 
46264 
111800 
111801 
95417 
46266 
95418 
95419 
111814 
111815 
406728 
111816 
406729 
406730 
111820 
111821 
111822 
406737 
13521 
406738 
406739 
111829 
406742 
111830 
406743 
111831 
95447 
406744 
95448 
95449 
160986 
406747 
406748 
406749 
95456 
95457 
95458 
95459 
13544 
13545 
13546 
95466 
95467 
95468 
95473 
95474 
46323 
62707 
95475 
95476 
62714 
62715 
62716 
29964 
406800 
406801 
406802 
29971 
29972 
406805 
29973 
62741 
406806 
406807 
406810 
406811 
406812 
13597 
13598 
13599 
406817 
406818 
46370 
406819 
46371 
46372 
29989 
46375 
29998 
29999 
30000 
95539 
13620 
95540 
95541 
13623 
13624 
13625 
30013 
30017 
95557 
95558 
13654 
62819 
62820 
62821 
95591 
30056 
95592 
95593 
13679 
13680 
13681 
13682 
30068 
30069 
30070 
30071 
13689 
13696 
161153 
79239 
79240 
79241 
79242 
112018 
112019 
112020 
30100 
30101 
30102 
30103 
13721 
30105 
30106 
30107 
30108 
112030 
112031 
112032 
112034 
112035 
112036 
112039 
112040 
112041 
619947 
62892 
112045 
30125 
112046 
112047 
112051 
30131 
112052 
30132 
112053 
30133 
30134 
30135 
112059 
112060 
30140 
112061 
30141 
30142 
112063 
112064 
112065 
30148 
30154 
62922 
62923 
30156 
62924 
13773 
30157 
62925 
13774 
30158 
62926 
13775 
30159 
95696 
95697 
95698 
30167 
30168 
30169 
62940 
62941 
62942 
62943 
112101 
13797 
112102 
13798 
112103 
13799 
30184 
30185 
30186 
30187 
30192 
62962 
62963 
62964 
62965 
30199 
30205 
112132 
112133 
30213 
112134 
30214 
30215 
30216 
62988 
112141 
112142 
112143 
62993 
112152 
112153 
112154 
13850 
13851 
13852 
13853 
112159 
112160 
112161 
112164 
112165 
112166 
112171 
112172 
112173 
30253 
63023 
79412 
63029 
79413 
79414 
79415 
243256 
243257 
243258 
63034 
243259 
63035 
63036 
63037 
243265 
144965 
95814 
46665 
63049 
46666 
46667 
46668 
243281 
243282 
243283 
243284 
63060 
63061 
63062 
63063 
63064 
79451 
95835 
63075 
112232 
112233 
112234 
63091 
63092 
63093 
63094 
63096 
63107 
63108 
63109 
63110 
112263 
63133 
63137 
79532 
79533 
79534 
79535 
46780 
63165 
63166 
63167 
112320 
63168 
112321 
112322 
63170 
472774 
472775 
63175 
472776 
112331 
79566 
79567 
46800 
79568 
46801 
79569 
112338 
46802 
112339 
46803 
112340 
63190 
63191 
63192 
63193 
95970 
63208 
63209 
63210 
63211 
63214 
603911 
128779 
79628 
63245 
63246 
63247 
79631 
63252 
112407 
79639 
112408 
112409 
79643 
620316 
79645 
112416 
112417 
112418 
79650 
112419 
79651 
112420 
30500 
63268 
79652 
112421 
30501 
79653 
112422 
30502 
112423 
30503 
112424 
63275 
79665 
63284 
46901 
63285 
63286 
63287 
79678 
63295 
63296 
63297 
79682 
63305 
63307 
63308 
63309 
112465 
79697 
112466 
79698 
112467 
79699 
79700 
79711 
79712 
79721 
14186 
14187 
14188 
79724 
14189 
79725 
112494 
79726 
30575 
194417 
30578 
292731 
292732 
292733 
79741 
292734 
292737 
292738 
79746 
292739 
79747 
292740 
79748 
292743 
292744 
292745 
292746 
79763 
79764 
46999 
47000 
79768 
47001 
79771 
79773 
79774 
292768 
292769 
292770 
292771 
292774 
292775 
292776 
292777 
292779 
292780 
292781 
292782 
63407 
79797 
63418 
14267 
79803 
14268 
79804 
14269 
79805 
14270 
79806 
47052 
96205 
47053 
47054 
47055 
79828 
79829 
79830 
128983 
112599 
79831 
128984 
112600 
128985 
112601 
128986 
112613 
112614 
63462 
63463 
63464 
63465 
63467 
79858 
79859 
112629 
14325 
63477 
14326 
14327 
47098 
112643 
47107 
112644 
47108 
112645 
47109 
63500 
14349 
112654 
14350 
112655 
14351 
112656 
112657 
63505 
63506 
63507 
292886 
292887 
292888 
292889 
112667 
112668 
292893 
112669 
292894 
112670 
292895 
292896 
14375 
292904 
14376 
292905 
14377 
292906 
14378 
292907 
30769 
407602 
407603 
407604 
63544 
407610 
407611 
292923 
407612 
292924 
292925 
292926 
292929 
407618 
292930 
407619 
292931 
407620 
292932 
407623 
407624 
407625 
292938 
47178 
292939 
47179 
292940 
47180 
292941 
47181 
79953 
63572 
47192 
47193 
47194 
30819 
30820 
14437 
30821 
112742 
30822 
63590 
112743 
63591 
63592 
63593 
14443 
14444 
14445 
79982 
30833 
30834 
30835 
30836 
63604 
63605 
63606 
63607 
63615 
63616 
63617 
63618 
14470 
112775 
14471 
14472 
14473 
63636 
63644 
80028 
112797 
63645 
63646 
112799 
112800 
112801 
14498 
14499 
14500 
80039 
47274 
47275 
47276 
47277 
63665 
80049 
80055 
80060 
129218 
30915 
80073 
145612 
63696 
80083 
112854 
112855 
112856 
112857 
80089 
14557 
14558 
63710 
14559 
80096 
80097 
80098 
80105 
63729 
63730 
63731 
14582 
14583 
47351 
14584 
47352 
47353 
47354 
80125 
30974 
80126 
112895 
80127 
112896 
112897 
63749 
47369 
47370 
112907 
47371 
63755 
47372 
63756 
63757 
63759 
63772 
63773 
63774 
63783 
63784 
31017 
63786 
112941 
112942 
63791 
112943 
112944 
31024 
14641 
31025 
14642 
31026 
14643 
112948 
112949 
14645 
112950 
14654 
31038 
112959 
14655 
31039 
112960 
14656 
31040 
112961 
31041 
63812 
63818 
63819 
63820 
14671 
14672 
14673 
14674 
80231 
80232 
80233 
80234 
80245 
80246 
80247 
80248 
604547 
63881 
63896 
63897 
63898 
63899 
145821 
113055 
113056 
113057 
113058 
63921 
63922 
14771 
63923 
63924 
96699 
96700 
96701 
31169 
31170 
31171 
31178 
31179 
31180 
31181 
63951 
63952 
63953 
63954 
113115 
113116 
113117 
113126 
113127 
113128 
63991 
64009 
64010 
64011 
64012 
129553 
64024 
64029 
64030 
64031 
14880 
64033 
64034 
64035 
64036 
31269 
96815 
96816 
96817 
96818 
31290 
31291 
31292 
31293 
64072 
64073 
64074 
64075 
80459 
80460 
47692 
80463 
80466 
31316 
64085 
64086 
64087 
80471 
80472 
64089 
80473 
64090 
64091 
178780 
64092 
31330 
64098 
80483 
80484 
31333 
80485 
31337 
31338 
31339 
64107 
64110 
64115 
31352 
31355 
64141 
64145 
80536 
80537 
80538 
80539 
64159 
64164 
80553 
80554 
80563 
80564 
80565 
80566 
80569 
64187 
64192 
129745 
80596 
80597 
80598 
80599 
64219 
80603 
64220 
64221 
64222 
64224 
80608 
47847 
64235 
64236 
64237 
97005 
64238 
97009 
97010 
113395 
97011 
113396 
80628 
97012 
113397 
80629 
97013 
113398 
80630 
97014 
80631 
97015 
146169 
64249 
64256 
441096 
80648 
441097 
80649 
441098 
80650 
80651 
441105 
441106 
441107 
15132 
64285 
80670 
80671 
80672 
80673 
80703 
80711 
80712 
47945 
80713 
80715 
80716 
80717 
80721 
80725 
80726 
80727 
80728 
97120 
97121 
97122 
64355 
97123 
97124 
97125 
97126 
64372 
80756 
64373 
80757 
64374 
80758 
64375 
80759 
64378 
31618 
31619 
31620 
48005 
64394 
80781 
48014 
64399 
80788 
64408 
80792 
129947 
129948 
129949 
129950 
64414 
80798 
48032 
48033 
48034 
80802 
48035 
48036 
129957 
129958 
48038 
129959 
48039 
129960 
48040 
64424 
48042 
48043 
48045 
48046 
48047 
64431 
48048 
129971 
113588 
293818 
64442 
293819 
293820 
293821 
293824 
293825 
293826 
293827 
293830 
293831 
293832 
293833 
130002 
64466 
80851 
80852 
80853 
130006 
130007 
130008 
31707 
48091 
48092 
293853 
48093 
293854 
48094 
293855 
293856 
31713 
293858 
31714 
293859 
31715 
293860 
293861 
293863 
293864 
48104 
293865 
48105 
293866 
48106 
64493 
48111 
162808 
113656 
48127 
113665 
48129 
113666 
80899 
80900 
80901 
80902 
146439 
48138 
441355 
146443 
48139 
441356 
48140 
441357 
146446 
48142 
113679 
113680 
113681 
113682 
113683 
80915 
113684 
80916 
113685 
80917 
80918 
162842 
441370 
441371 
441372 
64548 
64549 
48166 
64550 
48167 
64551 
179240 
146472 
48170 
48171 
48172 
64556 
48173 
48177 
48178 
113715 
48179 
113716 
113717 
113718 
80953 
146490 
80954 
80955 
80956 
64573 
64579 
48201 
48202 
48203 
293964 
293965 
293966 
293967 
162898 
293971 
293972 
293973 
293974 
162904 
80984 
80985 
80986 
80987 
80988 
293981 
80989 
293982 
15454 
80990 
293983 
293984 
81003 
64621 
64622 
293999 
64623 
294000 
64624 
294001 
64625 
294002 
64626 
64627 
294004 
294005 
294006 
294007 
48248 
48249 
48250 
48251 
179324 
15484 
15485 
81021 
179326 
15486 
81022 
81023 
294016 
81024 
294017 
81025 
294018 
294019 
48260 
48261 
48262 
15499 
15500 
48268 
15501 
179343 
179344 
179345 
15506 
31890 
81046 
81047 
81048 
81049 
81050 
130203 
81051 
48284 
81052 
31903 
81055 
31904 
31905 
81059 
48292 
48293 
81061 
48294 
130215 
48295 
48300 
64686 
64687 
179377 
179378 
179379 
97459 
48313 
113854 
113855 
113856 
64705 
81089 
64706 
81090 
130243 
64707 
81091 
130244 
81092 
130245 
130246 
48326 
113863 
113864 
64712 
97480 
113865 
48336 
48337 
48338 
113876 
113877 
113878 
64726 
179421 
179427 
113891 
113892 
113893 
48359 
113897 
64745 
113898 
64746 
48363 
113899 
212208 
15600 
15601 
15602 
15603 
113908 
97525 
113909 
64757 
130294 
113910 
64758 
130295 
113911 
130296 
64762 
64763 
64764 
81153 
81154 
64771 
81155 
130308 
64772 
81156 
130309 
64773 
130310 
64774 
81174 
97558 
81175 
97559 
81176 
97560 
81177 
64799 
130337 
113953 
48417 
130338 
113954 
48418 
130339 
48419 
32038 
32039 
32040 
32041 
179498 
179499 
64811 
179500 
64812 
64813 
228655 
15663 
130352 
15664 
64816 
474417 
130353 
15665 
474418 
130354 
15666 
474419 
228660 
81205 
81206 
228663 
81207 
228664 
81208 
228665 
228666 
48443 
228669 
228672 
228673 
228674 
228675 
228677 
48462 
48463 
64847 
48464 
64848 
64849 
228695 
64856 
130393 
64857 
130394 
64858 
130395 
48475 
130396 
48476 
228701 
48477 
228704 
228705 
228706 
228707 
228709 
179557 
179559 
228712 
130408 
228713 
130409 
228714 
130410 
228715 
130411 
228718 
64883 
130420 
130421 
64885 
179574 
64886 
179575 
130423 
64887 
179576 
64888 
146819 
130436 
130437 
97669 
130438 
97670 
130439 
97671 
114060 
97676 
97677 
97678 
97679 
97680 
48529 
97681 
48530 
97682 
48531 
48532 
130454 
130455 
130456 
130457 
48541 
195999 
48546 
48547 
196021 
48567 
130489 
130490 
114106 
130491 
130495 
130496 
114112 
15808 
130497 
15809 
15810 
15811 
130500 
130501 
130502 
48582 
48583 
48584 
48585 
130513 
130514 
130515 
48600 
48601 
114138 
48602 
114139 
114140 
32225 
48616 
48617 
48618 
48623 
48624 
32241 
48625 
32242 
48626 
32243 
32244 
48630 
32251 
32260 
97796 
32261 
97797 
32262 
97798 
48652 
228879 
97809 
97810 
97811 
228884 
114196 
114197 
228887 
228888 
228889 
228890 
228892 
228895 
228896 
228897 
228898 
228899 
48676 
65060 
196134 
196135 
196136 
196137 
65066 
196139 
114219 
114220 
114221 
65069 
130610 
130611 
228916 
130612 
48693 
130615 
196152 
130616 
196153 
130617 
228922 
196154 
130619 
130620 
228925 
130621 
228926 
228927 
228928 
228929 
114241 
228932 
32324 
228933 
228934 
228935 
228937 
65100 
65101 
65102 
65103 
114257 
114259 
48723 
32340 
48724 
179797 
48725 
48726 
114264 
32344 
114265 
32345 
114266 
32346 
97882 
48731 
97883 
97884 
97885 
65119 
196192 
48736 
48737 
48738 
48739 
48741 
48742 
48743 
48744 
97898 
97899 
97900 
97901 
48750 
48751 
97903 
48752 
97904 
48753 
97905 
97906 
48759 
48760 
65145 
32377 
48761 
48762 
65146 
65148 
65149 
65152 
16002 
16003 
16004 
65157 
48776 
48777 
48778 
32396 
65165 
65168 
16017 
16018 
65170 
16019 
97941 
605846 
97942 
97943 
16024 
48794 
48795 
97947 
48796 
97948 
48797 
114336 
114337 
16033 
114338 
16034 
16035 
16036 
65191 
114347 
114348 
48812 
114349 
130735 
114353 
97969 
114354 
97970 
114355 
97971 
97972 
179897 
179898 
179899 
179904 
343745 
179905 
343746 
179906 
343747 
179907 
48837 
114376 
114377 
343754 
114378 
343755 
114379 
343756 
114382 
114383 
179920 
114384 
114390 
48854 
48861 
48862 
48863 
114402 
65251 
65258 
65260 
32493 
65261 
212718 
32494 
32495 
163573 
48889 
130810 
48894 
48895 
163584 
48896 
48899 
114441 
114443 
130828 
48909 
48910 
48911 
48912 
130835 
114451 
114452 
130837 
16153 
130842 
16154 
114459 
16155 
114460 
16156 
114461 
114464 
114465 
48929 
114466 
48930 
48931 
48932 
65317 
114472 
114473 
114474 
48938 
114475 
114480 
114481 
65329 
114482 
65330 
114483 
65331 
114484 
65332 
114485 
32566 
130871 
32567 
32568 
32569 
130877 
130878 
130879 
212800 
16192 
16193 
114498 
16194 
212807 
163655 
130888 
65352 
130889 
130890 
16203 
16204 
16205 
16206 
65362 
65363 
65364 
130901 
65365 
114518 
114519 
114520 
48986 
48987 
48988 
114533 
48997 
48998 
114535 
48999 
49000 
49012 
49013 
49014 
65403 
130940 
65404 
130941 
65405 
130942 
65406 
180095 
180096 
180097 
16258 
16259 
16260 
16261 
180104 
180105 
49033 
180106 
49034 
49035 
130957 
65432 
180133 
180134 
180135 
180137 
180138 
180139 
65452 
65453 
65454 
147375 
65455 
180144 
180145 
180146 
49085 
32703 
65471 
49089 
49090 
49091 
49092 
49093 
49094 
49095 
147403 
32716 
32717 
147406 
32718 
98257 
65490 
98258 
65491 
98259 
65492 
65493 
16349 
212958 
98279 
212968 
98280 
212969 
180201 
98281 
212970 
212971 
180203 
49132 
98284 
49133 
98285 
49134 
65518 
98286 
49135 
212983 
65527 
65528 
65529 
65533 
65534 
65535 
)

// ************************************************************************* //
